0 0 0 1 100.0390 0.0000
0 0 0 1 100.0950 0.0000
0 0 0 1 100.0180 0.0000
0 0 0 1 100.0960 0.0000
0 1 0 0 0.0000 0.2500
1 1 0 0 0.0000 0.2500
2 0 0 1 100.0610 0.0000
0 0 0 1 100.0470 0.0000
0 0 0 1 100.0450 0.0000
0 0 0 1 100.0260 0.0000
1 0 0 1 100.0940 0.0000
0 0 0 1 100.0280 0.0000
0 1 0 0 0.0000 0.2500
0 0 0 1 100.0530 0.0000
0 0 0 1 100.0380 0.0000
0 0 0 1 100.0370 0.0000
0 0 0 1 100.0580 0.0000
0 0 0 1 100.0320 0.0000
0 0 1 0 8.5750 0.0000
0 0 1 0 15.3800 0.0000
0 0 0 1 100.0730 0.0000
0 0 1 0 7.9120 0.0000
0 0 0 1 100.0050 0.0000
0 0 0 1 100.0560 0.0000
0 0 0 1 100.0110 0.0000
0 0 0 1 100.0560 0.0000
0 0 0 1 100.0820 0.0000
0 0 0 1 100.0880 0.0000
0 0 1 0 22.6400 0.0000
1 0 0 1 100.0040 0.0000
1 0 1 0 37.3810 0.0000
0 0 1 0 13.0750 0.0000
0 0 1 0 5.4970 0.0000
0 0 1 0 19.6150 0.0000
0 0 0 1 100.0060 0.0000
0 0 0 1 100.0300 0.0000
0 0 0 1 100.0580 0.0000
1 0 0 1 100.0480 0.0000
0 0 1 0 4.1710 0.0000
0 0 1 0 4.8920 0.0000
1 0 1 0 9.3870 0.0000
0 0 1 0 42.1820 0.0000
0 0 0 1 100.0260 0.0000
0 0 1 0 43.6830 0.0000
0 0 1 0 13.5090 0.0000
0 0 1 0 21.1980 0.0000
0 0 1 0 66.5180 0.0000
0 0 0 1 100.0180 0.0000
0 0 1 0 5.6330 0.0000
0 0 1 0 26.1390 0.0000
0 0 1 0 44.5660 0.0000
0 0 0 1 100.0680 0.0000
0 0 1 0 27.6330 0.0000
0 0 0 1 100.0550 0.0000
0 0 0 1 100.0610 0.0000
0 0 1 0 22.5430 0.0000
6 0 1 0 13.2530 0.0000
6 0 1 0 18.2830 0.0000
6 0 1 0 55.5220 0.0000
6 0 1 0 34.3710 0.0000
6 0 1 0 41.8620 0.0000
6 0 1 0 11.3380 0.0000
6 0 1 0 26.0730 0.0000
0 0 1 0 6.3440 0.0000
0 0 1 0 82.6950 0.0000
1 0 0 1 100.0460 0.0000
0 0 0 1 100.0010 0.0000
